2019,01,21,03,49.0,-44.5,3.3984400000000003,2.7443961967109485,12.5375,8.842424242424242,237.141,238.2723450279583
2019,01,21,03,49.0,-45.0,3.5468800000000003,2.797808298208419,12.3656,8.886206896551723,238.203,248.0286044670249
2019,01,21,06,49.0,-45.0,3.5390599999999997,2.874195573492661,11.8556,9.131034482758619,239.26,249.42818602059572
2019,01,21,06,49.0,-45.0,3.5390599999999997,2.8429881397065087,11.8556,8.973333333333334,239.26,248.91480692088038
2019,01,21,06,49.0,-45.0,3.5390599999999997,2.9680334471391467,11.8556,9.157894736842103,239.26,247.61604257603094
2019,01,21,06,49.0,-45.0,3.5390599999999997,2.9378481981704243,11.8556,9.47272727272727,239.26,252.8883107937632
2019,01,21,06,49.0,-45.0,3.5390599999999997,2.759351897868573,11.8556,9.233898305084749,239.26,254.4586635432093
2019,01,21,06,49.0,-45.0,3.5390599999999997,2.7230637975139023,11.8556,9.45862068965517,239.26,247.91667883877489
2019,01,21,06,49.0,-45.0,3.5390599999999997,2.81986803664412,11.8556,9.448275862068966,239.26,258.12891471282205
2019,01,21,06,49.0,-45.0,3.5390599999999997,2.9429848513065715,11.8556,9.521311475409838,239.26,250.29110550478896
2019,01,21,06,49.0,-45.0,3.5390599999999997,3.1045416768391028,11.8556,9.754385964912279,239.26,245.92267271739516
2019,01,21,09,49.0,-45.0,3.4296900000000003,3.207293109851425,11.4338,9.473684210526317,242.041,245.23809134618136
2019,01,21,09,49.0,-45.0,3.4296900000000003,3.3033075374750442,11.4338,10.423529411764708,242.041,241.90329005820567
2019,01,21,09,49.0,-45.0,3.4296900000000003,3.2476727591356678,11.4338,10.277777777777775,242.041,236.68136456128133
2019,01,21,09,49.0,-45.0,3.4296900000000003,3.0637113131828437,11.4338,10.162264150943397,242.041,244.4720197688372
2019,01,21,09,49.0,-45.0,3.4296900000000003,3.0438081557433034,11.4338,9.781132075471698,242.041,248.19563911900553
2019,01,21,09,49.0,-45.0,3.4296900000000003,3.119464665562814,11.4338,9.876363636363637,242.041,244.05605626334926
2019,01,21,09,49.0,-45.0,3.4296900000000003,3.2603911534936265,11.4338,10.076923076923077,242.041,262.5879273005281
2019,01,21,09,49.0,-45.0,3.4296900000000003,3.3285176939824703,11.4338,9.726923076923075,242.041,259.5748363339151
2019,01,21,09,49.0,-45.0,3.4296900000000003,3.213059373365613,11.4338,9.8,242.041,257.6328598565952
2019,01,21,12,49.0,-45.0,3.2890599999999997,3.2383099370774637,11.1313,9.674074074074074,241.604,264.1413854873526
2019,01,21,12,49.0,-45.0,3.2890599999999997,3.5963501295526767,11.1313,9.954716981132076,241.604,252.9482613089447
2019,01,21,12,49.0,-45.0,3.2890599999999997,3.2818991840923486,11.1313,9.414285714285716,241.604,255.18343423172402
2019,01,21,12,49.0,-45.0,3.2890599999999997,3.051878602302432,11.1313,9.62857142857143,241.604,254.04156103046668
2019,01,21,12,49.0,-45.0,3.2890599999999997,2.8818559892390665,11.1313,9.430000000000003,241.604,255.94405399927106
2019,01,21,12,49.0,-45.0,3.2890599999999997,2.622631101612231,11.1313,9.39344262295082,241.604,265.2437924996001
2019,01,21,12,49.0,-45.0,3.2890599999999997,3.049942971124215,11.1313,9.266666666666666,241.604,265.9018139923048
2019,01,21,12,49.0,-45.0,3.2890599999999997,2.7960421868885184,11.1313,9.10508474576271,241.604,265.9628813686337
2019,01,21,12,49.0,-45.0,3.2890599999999997,3.0509656590098038,11.1313,9.678571428571429,241.604,258.3056825560342
2019,01,21,21,46.5,-43.0,2.75,2.2829871765377656,10.8088,9.372413793103446,243.34400000000002,256.3748687608563
2019,01,21,21,46.5,-43.0,2.75,2.3714405607450733,10.8088,9.461016949152544,243.34400000000002,271.1926466849802
2019,01,22,00,46.5,-43.0,2.60938,2.435785900400193,10.7463,9.413559322033896,243.422,278.00978614354017
2019,01,22,00,46.5,-43.0,2.60938,2.3608849039615425,10.7463,9.006153846153845,243.422,266.4123285868585
2019,01,22,00,46.5,-43.0,2.60938,2.4715866774950297,10.7463,8.794117647058822,243.422,267.736872173734
2019,01,22,00,46.5,-43.0,2.60938,2.2357099815358894,10.7463,8.723529411764707,243.422,285.63409602447535
2019,01,22,00,46.5,-43.0,2.60938,2.276496618535454,10.7463,8.659459459459459,243.422,264.7938676281201
2019,01,22,00,46.5,-43.0,2.60938,2.6448835436950744,10.7463,9.24,243.422,276.768822882156
2019,01,22,00,46.5,-43.0,2.60938,2.2731122125953926,10.7463,8.520588235294117,243.422,293.4120474974024
2019,01,22,03,46.5,-43.0,2.45312,2.507408878611264,10.7619,8.996774193548386,243.30900000000003,291.9606571319181
2019,01,22,03,46.5,-43.0,2.45312,2.076245031926917,10.7619,7.835616438356165,243.30900000000003,298.59389475734383
2019,01,22,03,46.5,-43.0,2.45312,2.0947864136947856,10.7619,8.405263157894737,243.30900000000003,281.57019731253416
2019,01,22,03,46.5,-43.0,2.45312,2.2275905227349533,10.7619,8.808333333333334,243.30900000000003,258.43907249815317
2019,01,22,03,46.5,-43.0,2.45312,2.1158299201955635,10.7619,8.31641791044776,243.30900000000003,282.9831654462209
2019,01,22,03,46.5,-43.0,2.45312,2.175030614727475,10.7619,8.372602739726027,243.30900000000003,288.81030786055067
2019,01,22,03,46.5,-43.0,2.45312,1.961438694332546,10.7619,6.724271844660198,243.30900000000003,347.5885524540393
2019,01,22,03,46.5,-43.0,2.45312,2.164541838364398,10.7619,8.158024691358026,243.30900000000003,255.3315189775132
2019,01,22,06,46.5,-43.0,2.2734400000000003,2.0188975539041425,10.715,8.759420289855072,243.549,210.3641892069729
2019,01,22,06,46.5,-43.0,2.2734400000000003,1.8970821723322773,10.715,8.045569620253163,243.549,269.11105658115935
2019,01,22,06,46.5,-43.0,2.2734400000000003,2.310212802996356,10.715,8.112676056338028,243.549,212.9700236832914
2019,01,22,06,46.5,-43.0,2.2734400000000003,2.1687584263483943,10.715,7.759036144578313,243.549,298.97542087732177
2019,01,22,06,46.5,-43.0,2.2734400000000003,2.300089045382019,10.715,8.561194029850746,243.549,279.62921017178263
2019,01,22,06,46.5,-43.0,2.2734400000000003,2.1648234596522697,10.715,8.627027027027026,243.549,289.63033228722884
2019,01,22,06,46.5,-43.0,2.2734400000000003,2.222096475426504,10.715,8.28108108108108,243.549,316.0537773693595
2019,01,22,06,46.5,-43.0,2.2734400000000003,2.5220242737191496,10.715,7.938271604938271,243.549,317.66474063850194
2019,01,22,06,46.5,-43.0,2.2734400000000003,2.590568949427148,10.715,7.643373493975902,243.549,300.4955605032956
2019,01,22,09,46.5,-43.0,2.1484400000000003,2.372383015816566,10.5431,8.095890410958905,244.99200000000002,305.1139057524892
2019,01,22,09,46.5,-43.0,2.1484400000000003,2.24163937362628,10.5431,8.425806451612905,244.99200000000002,302.87312825341115
2019,01,22,09,46.5,-43.0,2.1484400000000003,2.1970829316879468,10.5431,8.27536231884058,244.99200000000002,283.1206591812225
2019,01,22,09,46.5,-43.0,2.1484400000000003,2.247549812920399,10.5431,7.9638888888888895,244.99200000000002,295.3134894750668
2019,01,22,09,46.5,-43.0,2.1484400000000003,2.350454993522289,10.5431,8.386111111111111,244.99200000000002,290.93324597669186
2019,01,22,09,46.5,-43.0,2.1484400000000003,2.272633133518092,10.5431,7.90958904109589,244.99200000000002,290.633723316956
2019,01,22,09,46.5,-43.0,2.1484400000000003,2.1779521812541467,10.5431,7.794736842105262,244.99200000000002,320.47780138013803
2019,01,22,09,46.5,-43.0,2.1484400000000003,2.1843823096301866,10.5431,7.973684210526318,244.99200000000002,304.13074263711485
2019,01,22,09,46.5,-43.0,2.1484400000000003,2.3216015836225026,10.5431,7.946153846153848,244.99200000000002,286.0006294781082
2019,01,22,12,46.5,-43.0,2.1171900000000003,2.5137944211118697,10.35,7.3290322580645135,244.252,286.93410149404406
2019,01,22,12,46.5,-43.0,2.1171900000000003,2.240086723493864,10.35,6.869767441860466,244.252,296.40826188326673
2019,01,22,12,46.5,-43.0,2.1171900000000003,2.2082674779953138,10.35,7.1923076923076925,244.252,304.4790974662833
2019,01,22,12,46.5,-43.0,2.1171900000000003,2.0623895772851784,10.35,7.727999999999999,244.252,313.90136147309533
2019,01,22,12,46.5,-43.0,2.1171900000000003,2.0578276931930928,10.35,7.913513513513515,244.252,315.8542760526907
2019,01,22,12,46.5,-43.0,2.1171900000000003,2.094413700129622,10.35,7.237333333333334,244.252,320.038984980844
2019,01,22,12,46.5,-43.0,2.1171900000000003,2.036615094800564,10.35,7.415384615384617,244.252,320.06085797449214
2019,01,22,12,46.5,-43.0,2.1171900000000003,2.1066395800891127,10.35,7.3621621621621625,244.252,328.9263303265429
2019,01,22,15,46.5,-43.0,2.14062,2.195629050244951,10.225,7.67887323943662,252.398,320.2735634262213
2019,01,22,15,46.5,-43.0,2.14062,2.0660376992724507,10.225,7.483333333333332,252.398,318.48837178418006
2019,01,22,15,46.5,-43.0,2.14062,2.1441790106242253,10.225,7.7473684210526335,252.398,318.07450946375457
2019,01,22,15,46.5,-43.0,2.14062,2.044181851256416,10.225,6.811363636363637,252.398,316.96358680738064
2019,01,22,15,46.5,-43.0,2.14062,2.148144605256449,10.225,7.3417721518987324,252.398,326.45010231265235
2019,01,22,15,46.5,-43.0,2.14062,1.823026729582696,10.225,7.6108108108108095,252.398,319.2826257885763
2019,01,22,15,46.5,-43.0,2.14062,2.435481290780648,10.225,7.810126582278481,252.398,324.1908969214019
2019,01,22,18,46.5,-43.0,2.2421900000000003,2.580209000589163,10.1369,7.392682926829266,53.51,342.13138497575994
2019,01,22,18,46.5,-43.0,2.2421900000000003,2.313468887811997,10.1369,7.1,53.51,343.1527251412809
2019,01,22,18,46.5,-43.0,2.2421900000000003,2.5001256831678655,10.1369,7.583561643835615,53.51,353.25866319572157
2019,01,22,18,46.5,-43.0,2.2421900000000003,2.3905139732345795,10.1369,7.481481481481483,53.51,343.81296833848177
2019,01,22,18,46.5,-43.0,2.2421900000000003,2.501650982805053,10.1369,7.215584415584417,53.51,10.925397771520425
2019,01,22,18,46.5,-43.0,2.2421900000000003,3.1277687026569314,10.1369,7.903703703703703,53.51,344.14696574820914
2019,01,22,18,46.5,-43.0,2.2421900000000003,2.6298779293362977,10.1369,6.720408163265304,53.51,334.3538643423285
2019,01,22,18,46.5,-43.0,2.2421900000000003,2.3569110781170153,10.1369,7.405633802816901,53.51,331.04954696302764
2019,01,22,18,46.5,-43.0,2.2421900000000003,2.631104033915513,10.1369,7.1571428571428575,53.51,342.80443742462995
2019,01,22,21,46.5,-43.0,2.2890599999999997,2.2108577579458784,10.0275,7.492957746478875,52.1194,331.74802346415765
2019,01,22,21,46.5,-43.0,2.2890599999999997,2.343379758604163,10.0275,7.296103896103895,52.1194,336.9151889770857
2019,01,22,21,46.5,-43.0,2.2890599999999997,2.5396548734315845,10.0275,7.731428571428574,52.1194,326.93140591709306
2019,01,22,21,46.5,-43.0,2.2890599999999997,2.4262848183903034,10.0275,7.623188405797101,52.1194,344.7294973416163
2019,01,22,21,46.5,-43.0,2.2890599999999997,2.4294276147663347,10.0275,7.721052631578948,52.1194,345.17684549276987
2019,01,22,21,46.5,-43.0,2.2890599999999997,2.3345292587835025,10.0275,7.722222222222222,52.1194,340.4769735813176
2019,01,22,21,46.5,-43.0,2.2890599999999997,2.587924082530228,10.0275,7.7391304347826075,52.1194,330.0282787673836
2019,01,22,21,46.5,-43.0,2.2890599999999997,2.4821748993683888,10.0275,7.534246575342465,52.1194,335.77022117207963
2019,01,22,21,46.5,-43.0,2.2890599999999997,2.6349422913018943,10.0275,7.747222222222222,52.1194,336.0438259606355
2019,01,23,00,46.5,-43.0,2.3125,2.605769437006831,9.82438,7.847058823529411,41.9219,327.97871761463387
2019,01,23,00,46.5,-43.0,2.3125,2.5110600478179617,9.82438,7.658823529411764,41.9219,334.94466184645626
2019,01,23,00,46.5,-43.0,2.3125,2.5050565198019235,9.82438,7.480000000000002,41.9219,327.6472745353896
2019,01,23,00,46.5,-43.0,2.3125,2.6370399940454106,9.82438,7.492957746478871,41.9219,333.0213905427189
2019,01,23,00,46.5,-43.0,2.3125,2.5802594486930053,9.82438,7.63611111111111,41.9219,326.4422691326996
2019,01,23,00,46.5,-43.0,2.3125,2.5817080434753903,9.82438,7.341176470588236,41.9219,330.2112221059554
2019,01,23,03,46.0,-44.0,3.10938,2.4940369027736367,9.43375,7.897142857142858,298.844,318.5849648966656
2019,01,23,03,45.5,-44.0,3.2968800000000003,3.1137274057803697,9.13688,8.491803278688524,294.85200000000003,322.4225310932412
2019,01,23,06,45.0,-44.5,3.8828099999999997,3.2672879308226928,9.99625,8.36271186440678,296.219,311.8822963430333
2019,01,23,09,44.5,-45.0,3.8828099999999997,3.1534098700621658,10.5119,8.638095238095241,289.57,308.72301996846005
2019,01,23,09,44.5,-45.0,3.8828099999999997,3.1600592952373763,10.5119,8.759375,289.57,305.47371888435225
2019,01,23,09,44.0,-45.0,3.8281199999999997,3.1583739715995143,10.4963,9.263333333333334,290.35900000000004,304.5639214548233
2019,01,23,09,44.0,-45.0,3.8281199999999997,3.3565971503380867,10.4963,9.486206896551725,290.35900000000004,299.97068105855027
2019,01,23,09,44.0,-45.0,3.8281199999999997,3.3490366276136183,10.4963,8.386301369863014,290.35900000000004,306.96242617454396
2019,01,23,12,44.0,-45.0,3.7421900000000003,3.410207179328233,10.5744,8.608695652173912,288.547,320.23570182176286
2019,01,23,12,44.0,-45.0,3.7421900000000003,3.372994901590208,10.5744,8.535294117647057,288.547,322.24413994601815
2019,01,23,15,43.0,-46.0,3.4765599999999997,3.4085125800417604,10.5275,9.4,282.961,308.19567392748945
2019,01,23,15,43.0,-46.0,3.4765599999999997,3.0326877465870368,10.5275,9.10508474576271,282.961,300.27175253121965
2019,01,23,15,43.0,-46.0,3.4765599999999997,2.8331422832047166,10.5275,9.021875,282.961,314.4412180851405
2019,01,23,15,43.0,-46.0,3.4765599999999997,2.8654254860872133,10.5275,8.850793650793653,282.961,308.93291554898155
2019,01,23,15,42.5,-46.0,3.4296900000000003,3.1410515719553613,10.4338,8.726984126984128,283.25,303.2216297791293
2019,01,23,18,42.5,-46.0,3.4375,3.3931501396129096,10.1994,9.026229508196721,285.14099999999996,308.03500609861226
2019,01,23,18,42.5,-46.0,3.4375,3.888062968126873,10.1994,8.608823529411763,285.14099999999996,322.3914061661799
2019,01,23,18,42.5,-46.0,3.4375,3.592476386193022,10.1994,8.772727272727273,285.14099999999996,295.30648378920915
2019,01,23,18,42.5,-46.0,3.4375,3.414959525628316,10.1994,9.20294117647059,285.14099999999996,306.42859019455636
2019,01,23,18,42.5,-46.0,3.4375,4.099187836099992,10.1994,8.603124999999999,285.14099999999996,325.8199006636509
2019,01,23,18,42.5,-46.0,3.4375,3.3401890515238457,10.1994,8.646153846153847,285.14099999999996,315.3229232900469
2019,01,23,18,42.5,-46.0,3.4375,3.250296688306098,10.1994,8.684848484848484,285.14099999999996,316.1785730436156
2019,01,23,18,42.5,-46.0,3.4375,2.9626323629702243,10.1994,8.386842105263156,285.14099999999996,319.02269072539406
2019,01,23,18,42.5,-46.0,3.4375,2.7977547914973893,10.1994,8.107317073170732,285.14099999999996,336.92142148126516
2019,01,23,21,42.5,-46.0,3.3671900000000003,3.2379607333709566,9.74625,8.908474576271187,306.461,316.0728398173247
2019,01,23,21,42.5,-46.0,3.3671900000000003,2.9513648466308937,9.74625,9.193333333333333,306.461,311.3083431568897
2019,01,23,21,42.5,-46.0,3.3671900000000003,3.0501463363434738,9.74625,8.65625,306.461,306.9736363040218
2019,01,23,21,42.5,-46.0,3.3671900000000003,3.403191284002282,9.74625,8.607999999999999,306.461,299.68710922705463
2019,01,23,21,42.5,-46.0,3.3671900000000003,3.3457319996945083,9.74625,8.266666666666667,306.461,282.4770474611948
