YYYYMMDDHH(UTC), 有義波高, 有義波周期, 有義波向, 最大波高, 最大波周期, 最大波向, 1/10最大波高, 1/10最大波周期, 1/10最大波向, 平均風速, 平均風向
2019082111  1.26E+00  7.30E+00  9.00E+01  1.91E+00  8.30E+00  9.40E+01  1.57E+00  7.20E+00  8.80E+01  5.20E+00  2.80E+02
2019082112  1.10E+00  6.40E+00  8.50E+01  1.83E+00  6.70E+00  1.27E+02  1.41E+00  7.10E+00  8.70E+01  6.10E+00  2.80E+02
2019082113  1.20E+00  7.10E+00  8.70E+01  1.68E+00  6.60E+00  8.40E+01  1.44E+00  7.60E+00  9.10E+01  5.60E+00  2.86E+02
2019082114  1.22E+00  6.70E+00  9.60E+01  1.97E+00  5.10E+00  8.00E+01  1.46E+00  7.10E+00  8.50E+01  5.80E+00  2.86E+02
2019082115  1.28E+00  7.20E+00  9.40E+01  1.72E+00  7.00E+00  1.04E+02  1.53E+00  8.00E+00  9.60E+01  5.80E+00  2.97E+02
2019082116  1.38E+00  6.90E+00  9.60E+01  1.97E+00  7.10E+00  1.60E+02  1.72E+00  7.30E+00  9.80E+01  5.80E+00  2.88E+02
2019082117  1.47E+00  6.70E+00  9.50E+01  2.07E+00  8.10E+00  8.60E+01  1.76E+00  6.70E+00  8.90E+01  6.50E+00  2.87E+02
2019082118  1.53E+00  7.20E+00  8.90E+01  2.41E+00  8.20E+00  1.08E+02  1.85E+00  7.80E+00  9.10E+01  6.90E+00  2.86E+02
2019082119  1.41E+00  7.10E+00  9.20E+01  1.97E+00  9.30E+00  6.70E+01  1.72E+00  7.60E+00  8.70E+01  4.90E+00  2.73E+02
2019082120  1.35E+00  6.50E+00  9.30E+01  2.13E+00  7.10E+00  1.02E+02  1.67E+00  7.00E+00  8.60E+01  5.80E+00  2.80E+02
2019082121  1.51E+00  6.80E+00  9.30E+01  2.11E+00  6.30E+00  9.10E+01  1.81E+00  7.20E+00  9.10E+01  5.70E+00  2.79E+02
2019082122  1.35E+00  7.30E+00  9.50E+01  1.79E+00  8.70E+00  1.31E+02  1.60E+00  7.90E+00  9.60E+01  6.00E+00  2.80E+02
2019082123  1.32E+00  7.00E+00  8.80E+01  1.85E+00  8.00E+00  9.70E+01  1.67E+00  7.80E+00  8.60E+01  5.10E+00  2.87E+02
2019082200  1.55E+00  6.90E+00  8.60E+01  2.86E+00  6.40E+00  8.50E+01  1.94E+00  7.30E+00  8.80E+01  5.50E+00  2.84E+02
2019082201  1.30E+00  6.40E+00  8.40E+01  2.05E+00  8.40E+00  9.10E+01  1.66E+00  6.80E+00  7.00E+01  4.70E+00  2.84E+02
2019082202  1.37E+00  6.80E+00  9.30E+01  2.42E+00  8.80E+00  1.30E+01  1.78E+00  7.10E+00  8.30E+01  3.40E+00  3.10E+02
2019082203  1.28E+00  6.80E+00  9.00E+01  2.87E+00  6.60E+00  1.09E+02  1.69E+00  7.20E+00  9.10E+01  4.20E+00  2.71E+02
2019082204  1.50E+00  7.00E+00  8.50E+01  2.39E+00  8.30E+00  1.16E+02  1.82E+00  7.30E+00  8.80E+01  3.80E+00  2.99E+02
2019082205  1.35E+00  6.90E+00  9.60E+01  2.23E+00  6.60E+00  1.06E+02  1.65E+00  7.10E+00  9.70E+01  5.00E-01  3.54E+02
2019082206  1.34E+00  6.90E+00  8.90E+01  2.09E+00  7.70E+00  8.10E+01  1.65E+00  7.30E+00  9.50E+01  1.70E+00  2.08E+02
2019082207  1.43E+00  7.10E+00  7.60E+01  2.29E+00  8.30E+00  8.80E+01  1.82E+00  7.30E+00  8.30E+01  2.40E+00  1.77E+02
2019082208  1.47E+00  6.80E+00  7.60E+01  2.34E+00  7.10E+00  5.30E+01  1.79E+00  7.00E+00  7.90E+01  4.00E-01  1.96E+02
2019082209  1.47E+00  6.90E+00  7.30E+01  2.00E+00  7.10E+00  5.40E+01  1.72E+00  7.20E+00  7.90E+01  2.50E+00  2.99E+02
2019082210  1.54E+00  7.20E+00  7.20E+01  2.27E+00  8.10E+00  5.30E+01  1.87E+00  7.00E+00  6.60E+01  1.50E+00  2.34E+02
2019082211  1.65E+00  7.20E+00  6.50E+01  2.60E+00  8.30E+00  6.90E+01  2.01E+00  7.60E+00  6.10E+01  2.00E+00  1.76E+02
2019082212  1.47E+00  7.60E+00  7.20E+01  2.12E+00  7.50E+00  8.40E+01  1.76E+00  7.80E+00  8.20E+01  2.20E+00  2.32E+02
2019082213  1.69E+00  7.40E+00  6.90E+01  2.83E+00  7.90E+00  7.50E+01  2.08E+00  7.50E+00  7.00E+01  4.00E+00  2.64E+02
2019082214  1.63E+00  7.00E+00  6.70E+01  2.47E+00  8.60E+00  8.20E+01  2.06E+00  7.40E+00  8.00E+01  1.80E+00  2.00E+02
2019082215  1.60E+00  6.80E+00  7.00E+01  2.37E+00  6.30E+00  4.10E+01  1.88E+00  6.90E+00  7.20E+01  2.10E+00  1.13E+02
2019082216  1.79E+00  7.20E+00  6.80E+01  2.79E+00  7.50E+00  6.60E+01  2.19E+00  7.30E+00  7.30E+01  3.10E+00  6.00E+01
2019082217  1.87E+00  8.50E+00  7.60E+01  4.38E+00  1.27E+01  4.70E+01  2.36E+00  9.70E+00  9.00E+01  3.20E+00  4.30E+01
2019082218  1.61E+00  7.30E+00  6.80E+01  2.68E+00  7.10E+00  8.40E+01  1.91E+00  8.10E+00  7.70E+01  1.80E+00  3.00E+01
2019082219  1.64E+00  7.30E+00  7.70E+01  3.33E+00  8.20E+00  9.50E+01  2.04E+00  7.60E+00  7.10E+01  2.40E+00  3.42E+02
2019082220  1.72E+00  7.60E+00  7.50E+01  2.75E+00  7.80E+00  7.50E+01  2.19E+00  8.00E+00  7.80E+01  5.00E-01  1.33E+02
2019082221  1.60E+00  7.20E+00  6.10E+01  2.23E+00  7.40E+00  6.30E+01  1.88E+00  7.20E+00  6.10E+01  1.00E+00  3.57E+02
2019082222  1.68E+00  7.70E+00  6.80E+01  2.43E+00  8.60E+00  6.90E+01  2.06E+00  8.10E+00  6.80E+01  1.40E+00  2.80E+01
2019082223  1.83E+00  7.70E+00  6.60E+01  2.95E+00  8.40E+00  6.20E+01  2.23E+00  7.80E+00  6.30E+01  2.30E+00  8.50E+01
2019082300  1.57E+00  7.40E+00  6.20E+01  2.62E+00  7.50E+00  9.30E+01  1.89E+00  8.10E+00  5.70E+01  2.60E+00  3.20E+01
2019082301  1.76E+00  7.70E+00  6.70E+01  2.60E+00  8.00E+00  9.10E+01  2.15E+00  7.90E+00  6.20E+01  4.70E+00  3.50E+02
2019082302  1.90E+00  8.00E+00  6.40E+01  2.60E+00  7.00E+00  5.70E+01  2.22E+00  8.30E+00  6.80E+01  4.20E+00  8.00E+00
2019082303  1.87E+00  7.80E+00  7.00E+01  3.49E+00  8.10E+00  6.90E+01  2.44E+00  7.50E+00  6.40E+01  1.20E+00  1.34E+02
2019082304  1.68E+00  7.70E+00  7.10E+01  2.46E+00  8.90E+00  5.40E+01  2.04E+00  7.70E+00  7.00E+01  2.60E+00  3.07E+02
2019082305  1.82E+00  8.10E+00  6.10E+01  2.83E+00  8.80E+00  7.70E+01  2.20E+00  8.40E+00  6.60E+01  1.60E+00  4.20E+01
2019082306  1.80E+00  7.70E+00  7.60E+01  2.70E+00  8.90E+00  8.50E+01  2.17E+00  7.60E+00  7.30E+01  1.80E+00  2.20E+01
2019082307  2.12E+00  8.10E+00  7.50E+01  3.35E+00  8.90E+00  1.20E+02  2.78E+00  8.10E+00  7.40E+01  2.90E+00  3.40E+01
2019082308  2.12E+00  8.00E+00  6.80E+01  3.00E+00  1.00E+01  5.50E+01  2.61E+00  8.40E+00  6.10E+01  1.80E+00  4.00E+00
2019082309  2.24E+00  7.90E+00  7.50E+01  4.10E+00  7.60E+00  6.30E+01  2.86E+00  8.20E+00  7.30E+01  2.20E+00  3.00E+00
2019082310  2.31E+00  8.40E+00  7.40E+01  3.30E+00  7.40E+00  4.80E+01  2.74E+00  8.30E+00  7.20E+01  5.40E+00  1.09E+02
2019082311  2.27E+00  8.30E+00  7.20E+01  3.49E+00  1.03E+01  5.50E+01  2.79E+00  7.90E+00  7.00E+01  3.40E+00  1.16E+02
2019082312  2.08E+00  8.20E+00  8.20E+01  3.29E+00  7.10E+00  7.10E+01  2.55E+00  8.20E+00  8.10E+01  1.30E+00  1.61E+02
2019082313  2.43E+00  8.40E+00  7.00E+01  3.74E+00  1.00E+01  4.10E+01  2.96E+00  8.90E+00  6.70E+01  2.30E+00  8.10E+01
2019082314  2.15E+00  8.50E+00  7.20E+01  4.04E+00  9.10E+00  5.00E+01  2.78E+00  9.50E+00  6.30E+01  3.50E+00  9.20E+01
2019082315  2.17E+00  8.30E+00  7.60E+01  3.31E+00  9.70E+00  8.90E+01  2.72E+00  9.00E+00  7.10E+01  2.40E+00  1.09E+02
2019082316  2.37E+00  9.70E+00  7.60E+01  4.00E+00  1.17E+01  1.27E+02  3.12E+00  1.01E+01  8.00E+01  3.90E+00  5.40E+01
2019082317  2.16E+00  9.20E+00  7.50E+01  3.99E+00  1.11E+01  6.50E+01  2.69E+00  9.20E+00  8.90E+01  4.30E+00  2.70E+01
2019082318  2.11E+00  9.40E+00  8.20E+01  2.90E+00  1.06E+01  8.60E+01  2.59E+00  9.70E+00  7.90E+01  3.30E+00  3.40E+01
2019082319  2.23E+00  8.80E+00  8.00E+01  3.21E+00  8.80E+00  4.40E+01  2.71E+00  9.30E+00  7.90E+01  3.70E+00  6.50E+01
2019082320  2.27E+00  9.50E+00  7.20E+01  3.44E+00  1.02E+01  9.60E+01  2.81E+00  9.40E+00  8.10E+01  3.70E+00  5.10E+01
2019082321  2.32E+00  9.50E+00  8.50E+01  3.35E+00  9.60E+00  8.30E+01  2.78E+00  9.70E+00  9.30E+01  3.10E+00  6.20E+01
2019082322  1.98E+00  9.10E+00  8.70E+01  3.01E+00  8.30E+00  1.14E+02  2.48E+00  9.10E+00  9.50E+01  4.70E+00  8.00E+01
2019082323  2.18E+00  9.00E+00  9.20E+01  3.45E+00  1.05E+01  5.10E+01  2.64E+00  9.10E+00  8.80E+01  2.00E+00  4.00E+01
2019082400  1.82E+00  9.90E+00  6.30E+01  2.27E+00  1.25E+01  6.90E+01  2.16E+00  1.07E+01  5.40E+01  5.90E+00  2.70E+01
2019082401  2.09E+00  9.00E+00  8.80E+01  3.36E+00  8.40E+00  4.90E+01  2.46E+00  9.00E+00  8.60E+01  6.10E+00  5.40E+01
2019082402  1.88E+00  9.60E+00  9.40E+01  3.32E+00  9.10E+00  6.70E+01  2.41E+00  9.80E+00  8.20E+01  6.10E+00  7.10E+01
2019082403  1.78E+00  9.00E+00  8.00E+01  2.75E+00  1.16E+01  7.60E+01  2.13E+00  8.90E+00  8.20E+01  6.30E+00  7.20E+01
2019082404  1.65E+00  9.10E+00  8.90E+01  3.10E+00  1.00E+01  1.31E+02  2.10E+00  9.20E+00  1.06E+02  7.40E+00  3.47E+02
2019082405  1.86E+00  9.10E+00  8.40E+01  2.72E+00  9.50E+00  4.00E+01  2.30E+00  8.90E+00  7.70E+01  7.10E+00  1.00E+02
2019082406  1.90E+00  9.40E+00  6.60E+01  2.96E+00  9.20E+00  4.70E+01  2.20E+00  9.80E+00  6.40E+01  6.90E+00  9.50E+01
2019082407  2.00E+00  9.10E+00  7.70E+01  3.12E+00  9.90E+00  3.40E+01  2.39E+00  9.10E+00  5.80E+01  5.10E+00  9.20E+01
2019082408  1.65E+00  9.00E+00  8.70E+01  2.52E+00  1.16E+01  1.90E+01  1.97E+00  9.20E+00  8.60E+01  5.60E+00  1.10E+02
2019082409  1.73E+00  8.90E+00  7.00E+01  2.78E+00  9.20E+00  7.00E+01  2.19E+00  9.20E+00  7.90E+01  4.10E+00  1.15E+02
2019082410  1.69E+00  8.70E+00  8.40E+01  2.54E+00  1.02E+01  1.02E+02  2.08E+00  9.00E+00  8.80E+01  5.90E+00  1.17E+02
2019082411  1.64E+00  9.20E+00  7.30E+01  2.43E+00  8.20E+00  8.50E+01  1.98E+00  9.30E+00  7.40E+01  3.30E+00  1.34E+02
2019082412  1.72E+00  8.90E+00  7.70E+01  2.89E+00  8.20E+00  6.60E+01  2.19E+00  9.00E+00  7.00E+01  3.80E+00  1.29E+02
2019082413  1.58E+00  8.80E+00  8.40E+01  2.66E+00  8.40E+00  6.20E+01  1.88E+00  8.80E+00  8.30E+01  1.80E+00  1.88E+02
2019082414  1.45E+00  9.30E+00  7.00E+01  2.18E+00  7.70E+00  5.30E+01  1.87E+00  9.80E+00  7.40E+01  1.80E+00  7.40E+01
2019082415  1.38E+00  9.50E+00  6.50E+01  2.24E+00  9.90E+00  2.20E+01  1.70E+00  9.80E+00  5.60E+01  2.10E+00  1.65E+02
2019082416  1.63E+00  9.70E+00  6.30E+01  2.71E+00  1.11E+01  4.90E+01  2.01E+00  9.90E+00  6.40E+01  1.00E+00  2.01E+02
2019082417  1.45E+00  8.90E+00  6.90E+01  2.18E+00  8.60E+00  4.60E+01  1.73E+00  9.00E+00  6.90E+01  1.20E+00  1.08E+02
2019082418  1.43E+00  9.00E+00  6.30E+01  2.04E+00  9.20E+00  5.50E+01  1.74E+00  9.40E+00  6.70E+01  1.80E+00  7.70E+01
2019082419  1.75E+00  9.80E+00  6.70E+01  3.03E+00  9.20E+00  4.80E+01  2.31E+00  1.00E+01  6.90E+01  2.00E+00  1.59E+02
2019082420  1.39E+00  9.40E+00  6.90E+01  2.19E+00  1.03E+01  6.60E+01  1.72E+00  9.20E+00  6.80E+01  4.00E-01  2.20E+01
2019082421  1.41E+00  9.30E+00  6.90E+01  1.94E+00  9.30E+00  1.22E+02  1.66E+00  9.40E+00  7.20E+01  2.30E+00  2.09E+02
2019082422  1.49E+00  9.60E+00  5.80E+01  2.16E+00  8.60E+00  6.40E+01  1.86E+00  9.90E+00  5.30E+01  3.60E+00  2.42E+02
2019082423  1.31E+00  9.20E+00  7.00E+01  1.89E+00  1.11E+01  8.30E+01  1.57E+00  9.40E+00  7.20E+01  3.70E+00  2.34E+02
2019082500  1.43E+00  9.60E+00  9.20E+01  2.28E+00  9.10E+00  8.60E+01  1.81E+00  9.50E+00  1.02E+02  3.20E+00  2.30E+02
2019082501  1.76E+00  9.40E+00  6.50E+01  2.60E+00  8.20E+00  5.60E+01  2.18E+00  9.10E+00  6.60E+01  2.10E+00  2.39E+02
2019082502  1.34E+00  8.70E+00  7.10E+01  1.85E+00  8.50E+00  4.50E+01  1.66E+00  8.90E+00  6.40E+01  2.20E+00  2.59E+02
2019082503  1.29E+00  9.00E+00  7.80E+01  2.07E+00  1.03E+01  5.10E+01  1.66E+00  9.60E+00  7.60E+01  2.70E+00  3.07E+02
2019082504  1.30E+00  9.30E+00  8.20E+01  1.98E+00  9.50E+00  5.60E+01  1.58E+00  9.50E+00  8.60E+01  3.40E+00  2.72E+02
2019082505  1.26E+00  8.90E+00  8.80E+01  1.71E+00  9.70E+00  4.10E+01  1.51E+00  9.50E+00  8.10E+01  2.60E+00  2.87E+02
2019082506  1.26E+00  9.20E+00  7.90E+01  2.12E+00  9.10E+00  1.21E+02  1.55E+00  9.30E+00  9.60E+01  3.00E-01  1.79E+02
2019082507  1.20E+00  8.80E+00  1.01E+02  1.83E+00  9.80E+00  9.90E+01  1.54E+00  9.20E+00  9.20E+01  3.00E-01  1.71E+02
2019082508  1.23E+00  8.80E+00  1.16E+02  1.92E+00  8.90E+00  1.33E+02  1.57E+00  8.70E+00  1.14E+02  3.00E-01  1.58E+02
2019082509  1.23E+00  8.70E+00  9.90E+01  1.80E+00  7.40E+00  1.01E+02  1.44E+00  8.50E+00  1.07E+02  3.00E-01  1.54E+02
2019082510  1.16E+00  9.10E+00  7.70E+01  1.86E+00  8.20E+00  7.70E+01  1.45E+00  9.00E+00  6.40E+01  3.00E-01  1.58E+02
2019082511  1.23E+00  9.40E+00  9.60E+01  1.74E+00  1.06E+01  1.19E+02  1.53E+00  9.90E+00  9.80E+01  3.00E-01  1.51E+02
2019082512  1.14E+00  9.00E+00  9.50E+01  1.81E+00  8.70E+00  3.51E+02  1.43E+00  9.00E+00  8.80E+01  3.00E-01  1.26E+02
2019082513  1.15E+00  8.70E+00  9.90E+01  1.89E+00  9.00E+00  1.02E+02  1.40E+00  8.90E+00  8.80E+01  3.00E-01  1.14E+02
2019082514  1.07E+00  9.00E+00  9.30E+01  1.70E+00  8.80E+00  6.90E+01  1.32E+00  9.80E+00  7.70E+01  3.00E-01  1.17E+02
2019082515  1.06E+00  9.00E+00  1.00E+02  1.78E+00  8.80E+00  1.09E+02  1.31E+00  9.30E+00  1.05E+02  3.00E-01  1.11E+02
2019082516  1.10E+00  9.00E+00  8.70E+01  2.10E+00  9.30E+00  9.80E+01  1.41E+00  9.30E+00  9.40E+01  3.00E-01  1.18E+02
2019082517  1.11E+00  9.00E+00  1.12E+02  1.71E+00  9.10E+00  1.32E+02  1.38E+00  8.80E+00  1.05E+02  3.00E-01  1.42E+02
2019082518  1.07E+00  9.30E+00  1.00E+02  1.62E+00  8.80E+00  1.41E+02  1.30E+00  9.40E+00  1.11E+02  3.00E-01  1.26E+02
2019082519  1.22E+00  9.10E+00  1.12E+02  1.97E+00  9.50E+00  1.06E+02  1.53E+00  9.00E+00  1.11E+02  3.00E-01  1.28E+02
2019082520  1.24E+00  9.80E+00  1.11E+02  1.88E+00  1.03E+01  7.70E+01  1.49E+00  9.80E+00  1.11E+02  3.00E-01  1.33E+02
2019082521  1.13E+00  9.70E+00  1.25E+02  1.66E+00  1.14E+01  1.41E+02  1.37E+00  9.50E+00  1.17E+02  3.00E-01  1.43E+02
2019082522  1.17E+00  9.50E+00  1.03E+02  2.23E+00  1.01E+01  1.69E+02  1.44E+00  9.60E+00  1.09E+02  3.00E-01  1.50E+02
2019082523  1.08E+00  9.20E+00  1.02E+02  1.87E+00  9.80E+00  9.80E+01  1.31E+00  9.40E+00  1.17E+02  3.00E-01  1.56E+02
2019082600  1.03E+00  8.70E+00  1.06E+02  1.37E+00  8.70E+00  1.69E+02  1.23E+00  9.20E+00  1.30E+02  3.00E-01  1.57E+02
2019082601  1.15E+00  9.00E+00  1.13E+02  1.83E+00  9.60E+00  1.57E+02  1.44E+00  9.40E+00  1.07E+02  3.00E-01  1.74E+02
2019082602  1.26E+00  9.70E+00  1.23E+02  1.99E+00  1.24E+01  9.90E+01  1.52E+00  9.90E+00  1.08E+02  3.00E-01  1.67E+02
2019082603  1.16E+00  9.40E+00  9.50E+01  1.77E+00  8.30E+00  5.40E+01  1.38E+00  9.60E+00  9.70E+01  3.00E-01  1.66E+02
2019082604  1.14E+00  9.40E+00  7.40E+01  1.91E+00  9.30E+00  1.17E+02  1.41E+00  9.50E+00  8.10E+01  3.00E-01  1.83E+02
